2023.44
2024.2
2023.38
2023.32
2023.31
2023.27
2023.26
2023.20
2023.12
2023.7
2023.6
2023.2
2022.8
2022.45
2022.44
2022.40
2022.36
2022.28
2022.24
2022.23
2022.20
2022.16
2022.15
2022.12
2022.11
2022.4
2022.2
2021.44
2021.40
2021.36
2021.32
2021.24
2021.12
2021.04
2020.48
2020.44
2020.40
2020.36
2020.32
2020.28
2020.24
2020.20
2020.16
2020.12
2020.8
2020.04
2020.4
2019.40
2019.36
2019.32
2019.28
2019.24
2019.20
2019.16
2019.15
2019.12
2019.8
2019.5
2019.4
2018.50
2018.49
2018.48
2018.46
2018.44
2018.42
2018.40
2018.39
2018.36
2018.34
2018.32
2018.28